   36.5000000    
   37.7025757    
   38.8090515    
   39.8414307    
   40.8118591    
   41.7268982    
   42.5900269    
   43.4033508    
   44.1682434    
   44.8860168    
   45.5580750    
   46.1860657    
   46.7717285    
   47.3169250    
   47.8237305    
   48.2940979    
   48.7300720    
   49.1336365    
   49.5067444    
   49.8511963    
   50.1689148    
   50.4614563    
   50.7304688    
   50.9774780    
   51.2039490    
   51.4113464    
   51.6009521    
   51.7740173    
   51.9316406    
   52.0749512    
   52.2050171    
   52.3228455    
   52.4293823    
   52.5254517    
   52.6119385    
   52.6895142    
   52.7590332    
   52.8209839    
   52.8760376    
   52.9247437    
   52.9676208    
   53.0050964    
   53.0375061    
   53.0653076    
   53.0887451    
   53.1081848    
   53.1237183    
   53.1356506    
   53.1440735    
   53.1491089    
   53.1508484    
   53.1491699    
   53.1442566    
   53.1358032    
   53.1238708    
   53.1082458    
   53.0888672    
   53.0653687    
   53.0375671    
   53.0051270    
   52.9676819    
   52.9247437    
   52.8759460    
   52.8208313    
   52.7588196    
   52.6893311    
   52.6117249    
   52.5252380    
   52.4291382    
   52.3226013    
   52.2047119    
   52.0746460    
   51.9313660    
   51.7737732    
   51.6007690    
   51.4111633    
   51.2037354    
   50.9772034    
   50.7301025    
   50.4611206    
   50.1686401    
   49.8509521    
   49.5064392    
   49.1333923    
   48.7297668    
   48.2937622    
   47.8233643    
   47.3165894    
   46.7713928    
   46.1857300    
   45.5577698    
   44.8856812    
   44.1679993    
   43.4031372    
   42.5898438    
   41.7267456    
   40.8117371    
   39.8413086    
   38.8089600    
   37.7025452    
   36.5000000    
