   36.5000000    
   37.8654480    
   39.1209412    
   40.2850952    
   41.3717041    
   42.3910522    
   43.3507080    
   44.2562561    
   45.1118164    
   45.9205933    
   46.6849060    
   47.4067383    
   48.0877991    
   48.7295227    
   49.3332520    
   49.9001770    
   50.4317322    
   50.9291382    
   51.3937378    
   51.8269043    
   52.2300415    
   52.6044617    
   52.9516602    
   53.2730103    
   53.5699158    
   53.8437805    
   54.0959473    
   54.3277283    
   54.5404663    
   54.7353821    
   54.9136047    
   55.0762329    
   55.2243042    
   55.3589172    
   55.4810181    
   55.5914612    
   55.6910706    
   55.7805786    
   55.8607483    
   55.9321899    
   55.9955444    
   56.0513611    
   56.1000061    
   56.1419678    
   56.1776428    
   56.2073364    
   56.2312317    
   56.2496338    
   56.2626648    
   56.2704163    
   56.2730408    
   56.2705383    
   56.2627563    
   56.2497253    
   56.2313232    
   56.2074280    
   56.1777344    
   56.1420593    
   56.1000061    
   56.0512695    
   55.9954224    
   55.9320068    
   55.8604431    
   55.7801819    
   55.6906128    
   55.5910034    
   55.4805908    
   55.3584900    
   55.2238464    
   55.0757446    
   54.9131165    
   54.7349243    
   54.5400696    
   54.3274231    
   54.0956116    
   53.8433533    
   53.5694275    
   53.2724609    
   52.9510803    
   52.6038818    
   52.2294006    
   51.8263245    
   51.3931885    
   50.9286499    
   50.4313049    
   49.8998108    
   49.3328552    
   48.7291870    
   48.0875244    
   47.4064636    
   46.6846008    
   45.9202881    
   45.1115723    
   44.2560425    
   43.3505249    
   42.3909302    
   41.3716125    
   40.2850037    
   39.1209412    
   37.8654785    
   36.5000000    
