   36.5000000    
   37.7575378    
   38.9785767    
   40.1457214    
   41.2522278    
   42.2969055    
   43.2814636    
   44.2087097    
   45.0817871    
   45.9036865    
   46.6772156    
   47.4047852    
   48.0885620    
   48.7306519    
   49.3328857    
   49.8971252    
   50.4250793    
   50.9184570    
   51.3788757    
   51.8080139    
   52.2073669    
   52.5785522    
   52.9231567    
   53.2426758    
   53.5385132    
   53.8120422    
   54.0646057    
   54.2974548    
   54.5118103    
   54.7088928    
   54.8897705    
   55.0555115    
   55.2069397    
   55.3451843    
   55.4709473    
   55.5851746    
   55.6885376    
   55.7817688    
   55.8655701    
   55.9404297    
   56.0069885    
   56.0657349    
   56.1171265    
   56.1615295    
   56.1993103    
   56.2307434    
   56.2561951    
   56.2757263    
   56.2896423    
   56.2979126    
   56.3006287    
   56.2979431    
   56.2896423    
   56.2758179    
   56.2562561    
   56.2308655    
   56.1993713    
   56.1615601    
   56.1170959    
   56.0656738    
   56.0068665    
   55.9403076    
   55.8654480    
   55.7816467    
   55.6883850    
   55.5849915    
   55.4707336    
   55.3449402    
   55.2067261    
   55.0552063    
   54.8895264    
   54.7086182    
   54.5114746    
   54.2970276    
   54.0642090    
   53.8116455    
   53.5381775    
   53.2423706    
   52.9229126    
   52.5782471    
   52.2069702    
   51.8076477    
   51.3785706    
   50.9180908    
   50.4247742    
   49.8967896    
   49.3325195    
   48.7302551    
   48.0881653    
   47.4043884    
   46.6769104    
   45.9034729    
   45.0816040    
   44.2086182    
   43.2814026    
   42.2968445    
   41.2521973    
   40.1457825    
   38.9786987    
   37.7575989    
   36.5000000    
