   0.00000000    
   2.50000012E-04
   5.00000024E-04
   7.50000007E-04
   1.00000005E-03
   1.25000009E-03
   1.50000001E-03
   1.75000005E-03
   2.00000009E-03
   2.25000014E-03
   2.50000018E-03
   2.75000022E-03
   3.00000003E-03
   3.25000007E-03
   3.50000011E-03
   3.75000015E-03
   4.00000019E-03
   4.25000023E-03
   4.50000027E-03
   4.75000031E-03
   5.00000035E-03
   5.25000039E-03
   5.50000044E-03
   5.75000048E-03
   6.00000005E-03
   6.25000009E-03
   6.50000013E-03
   6.75000018E-03
   7.00000022E-03
   7.25000026E-03
   7.50000030E-03
   7.75000034E-03
   8.00000038E-03
   8.24999996E-03
   8.50000046E-03
   8.75000004E-03
   9.00000054E-03
   9.25000012E-03
   9.50000063E-03
   9.75000020E-03
   1.00000007E-02
   1.02500003E-02
   1.05000008E-02
   1.07500004E-02
   1.10000009E-02
   1.12500004E-02
   1.15000010E-02
   1.17500005E-02
   1.20000001E-02
   1.22500006E-02
   1.25000002E-02
   1.27500007E-02
   1.30000003E-02
   1.32500008E-02
   1.35000004E-02
   1.37500009E-02
   1.40000004E-02
   1.42500009E-02
   1.45000005E-02
   1.47500010E-02
   1.50000006E-02
   1.52500011E-02
   1.55000007E-02
   1.57500003E-02
   1.60000008E-02
   1.62500013E-02
   1.64999999E-02
   1.67500004E-02
   1.70000009E-02
   1.72500014E-02
   1.75000001E-02
   1.77500006E-02
   1.80000011E-02
   1.82500016E-02
   1.85000002E-02
   1.87500007E-02
   1.90000013E-02
   1.92500018E-02
   1.95000004E-02
   1.97500009E-02
   2.00000014E-02
   2.02500001E-02
   2.05000006E-02
   2.07500011E-02
   2.10000016E-02
   2.12500002E-02
   2.15000007E-02
   2.17500012E-02
   2.20000017E-02
   2.22500004E-02
   2.25000009E-02
   2.27500014E-02
   2.30000019E-02
   2.32500006E-02
   2.35000011E-02
   2.37500016E-02
   2.40000002E-02
   2.42500007E-02
   2.45000012E-02
   2.47500017E-02
   2.50000004E-02
