   36.5000000    
   37.7557983    
   38.9465637    
   40.0745544    
   41.1422119    
   42.1517334    
   43.1055298    
   44.0057373    
   44.8546753    
   45.6545410    
   46.4074402    
   47.1155090    
   47.7808228    
   48.4053955    
   48.9912109    
   49.5401611    
   50.0541077    
   50.5348816    
   50.9841614    
   51.4036560    
   51.7950134    
   52.1597595    
   52.4993591    
   52.8152466    
   53.1087952    
   53.3813477    
   53.6340942    
   53.8681946    
   54.0847778    
   54.2848816    
   54.4694824    
   54.6395264    
   54.7958374    
   54.9393005    
   55.0706787    
   55.1906738    
   55.2999268    
   55.3991089    
   55.4888000    
   55.5694275    
   55.6415405    
   55.7054749    
   55.7616882    
   55.8104858    
   55.8522339    
   55.8871155    
   55.9153748    
   55.9371643    
   55.9526672    
   55.9619141    
   55.9649963    
   55.9619141    
   55.9526672    
   55.9371643    
   55.9153748    
   55.8871155    
   55.8522339    
   55.8104858    
   55.7616882    
   55.7055054    
   55.6416016    
   55.5695190    
   55.4888916    
   55.3992310    
   55.3000488    
   55.1907654    
   55.0708008    
   54.9394226    
   54.7959900    
   54.6396484    
   54.4696655    
   54.2850952    
   54.0850525    
   53.8684998    
   53.6344299    
   53.3817139    
   53.1091614    
   52.8155823    
   52.4996643    
   52.1600342    
   51.7952881    
   51.4039307    
   50.9844360    
   50.5351257    
   50.0543213    
   49.5403442    
   48.9913330    
   48.4054871    
   47.7808533    
   47.1155090    
   46.4074402    
   45.6545410    
   44.8546753    
   44.0057068    
   43.1054688    
   42.1516724    
   41.1421204    
   40.0744934    
   38.9464722    
   37.7557678    
   36.5000000    
