   36.5000000    
   37.6387939    
   38.7128601    
   39.7247314    
   40.6769409    
   41.5721130    
   42.4128113    
   43.2015076    
   43.9406128    
   44.6325684    
   45.2796631    
   45.8842468    
   46.4485474    
   46.9747009    
   47.4648132    
   47.9209595    
   48.3450317    
   48.7389221    
   49.1044312    
   49.4433289    
   49.7572021    
   50.0476074    
   50.3161011    
   50.5640564    
   50.7927856    
   51.0036011    
   51.1976624    
   51.3761597    
   51.5401306    
   51.6905823    
   51.8284302    
   51.9545898    
   52.0698853    
   52.1749878    
   52.2706604    
   52.3574829    
   52.4361572    
   52.5070801    
   52.5708923    
   52.6279907    
   52.6788330    
   52.7237244    
   52.7630310    
   52.7970581    
   52.8260193    
   52.8501282    
   52.8696289    
   52.8846436    
   52.8953247    
   52.9017029    
   52.9038086    
   52.9017029    
   52.8953552    
   52.8847351    
   52.8697510    
   52.8502197    
   52.8260803    
   52.7970886    
   52.7630615    
   52.7237549    
   52.6788940    
   52.6280823    
   52.5710144    
   52.5072327    
   52.4362793    
   52.3576355    
   52.2708130    
   52.1751709    
   52.0701294    
   51.9548645    
   51.8287048    
   51.6908569    
   51.5404053    
   51.3763428    
   51.1977844    
   51.0036926    
   50.7928772    
   50.5641174    
   50.3161621    
   50.0476685    
   49.7572327    
   49.4433899    
   49.1044922    
   48.7389526    
   48.3450317    
   47.9209290    
   47.4647827    
   46.9746399    
   46.4484863    
   45.8841553    
   45.2795715    
   44.6324768    
   43.9405518    
   43.2014465    
   42.4127808    
   41.5721130    
   40.6769409    
   39.7247314    
   38.7128906    
   37.6388245    
   36.5000000    
