   309.649994    
   310.878357    
   312.041840    
   313.142975    
   314.184296    
   315.168213    
   316.097168    
   316.973572    
   317.799774    
   318.577972    
   319.310547    
   319.999634    
   320.647400    
   321.255829    
   321.826935    
   322.362640    
   322.864838    
   323.335297    
   323.775665    
   324.187622    
   324.572693    
   324.932404    
   325.268127    
   325.581238    
   325.873016    
   326.144684    
   326.397369    
   326.632202    
   326.850189    
   327.052338    
   327.239471    
   327.412476    
   327.572144    
   327.719238    
   327.854462    
   327.978424    
   328.091705    
   328.194946    
   328.288605    
   328.373138    
   328.448944    
   328.516418    
   328.575897    
   328.627686    
   328.672058    
   328.709229    
   328.739349    
   328.762634    
   328.779205    
   328.789124    
   328.792450    
   328.789185    
   328.779327    
   328.762817    
   328.739594    
   328.709503    
   328.672394    
   328.628052    
   328.576294    
   328.516785    
   328.449310    
   328.373535    
   328.289001    
   328.195374    
   328.092133    
   327.978760    
   327.854767    
   327.719513    
   327.572418    
   327.412750    
   327.239746    
   327.052612    
   326.850464    
   326.632477    
   326.397614    
   326.144897    
   325.873230    
   325.581451    
   325.268311    
   324.932587    
   324.572876    
   324.187805    
   323.775909    
   323.335571    
   322.865112    
   322.362946    
   321.827209    
   321.256104    
   320.647675    
   319.999878    
   319.310760    
   318.578156    
   317.799866    
   316.973663    
   316.097229    
   315.168243    
   314.184326    
   313.143036    
   312.041870    
   310.878357    
   309.649994    
