   0.00000000    
   1.99999995E-04
   3.99999990E-04
   5.99999970E-04
   7.99999980E-04
   9.99999931E-04
   1.19999994E-03
   1.39999995E-03
   1.59999996E-03
   1.79999985E-03
   1.99999986E-03
   2.19999999E-03
   2.39999988E-03
   2.59999977E-03
   2.79999990E-03
   2.99999979E-03
   3.19999992E-03
   3.40000005E-03
   3.59999971E-03
   3.79999983E-03
   3.99999972E-03
   4.19999985E-03
   4.39999998E-03
   4.59999964E-03
   4.79999976E-03
   4.99999989E-03
   5.19999955E-03
   5.39999967E-03
   5.59999980E-03
   5.79999993E-03
   5.99999959E-03
   6.19999971E-03
   6.39999984E-03
   6.59999950E-03
   6.80000009E-03
   6.99999975E-03
   7.19999941E-03
   7.40000000E-03
   7.59999966E-03
   7.79999932E-03
   7.99999945E-03
   8.20000004E-03
   8.39999970E-03
   8.59999936E-03
   8.79999995E-03
   8.99999961E-03
   9.19999927E-03
   9.39999986E-03
   9.59999952E-03
   9.79999918E-03
   9.99999978E-03
   1.01999994E-02
   1.03999991E-02
   1.05999988E-02
   1.07999993E-02
   1.09999999E-02
   1.11999996E-02
   1.13999993E-02
   1.15999999E-02
   1.17999995E-02
   1.19999992E-02
   1.21999998E-02
   1.23999994E-02
   1.26000000E-02
   1.27999997E-02
   1.29999993E-02
   1.31999990E-02
   1.33999987E-02
   1.36000002E-02
   1.37999998E-02
   1.39999995E-02
   1.41999992E-02
   1.43999988E-02
   1.45999985E-02
   1.48000000E-02
   1.49999997E-02
   1.51999993E-02
   1.53999990E-02
   1.55999986E-02
   1.57999992E-02
   1.59999989E-02
   1.62000004E-02
   1.64000001E-02
   1.65999997E-02
   1.67999994E-02
   1.69999991E-02
   1.71999987E-02
   1.74000002E-02
   1.75999999E-02
   1.77999996E-02
   1.79999992E-02
   1.81999989E-02
   1.83999985E-02
   1.86000001E-02
   1.87999997E-02
   1.89999994E-02
   1.91999990E-02
   1.93999987E-02
   1.95999984E-02
   1.97999980E-02
   1.99999996E-02
