   0.00000000    
  0.136569977    
  0.273139954    
  0.409709930    
  0.546279907    
  0.682849944    
  0.819419861    
  0.955989897    
   1.09255981    
   1.22912991    
   1.36569989    
   1.50226974    
   1.63883972    
   1.77540970    
   1.91197979    
   2.04854965    
   2.18511963    
   2.32168984    
   2.45825982    
   2.59482980    
   2.73139977    
   2.86796951    
   3.00453949    
   3.14110947    
   3.27767944    
   3.41424942    
   3.55081940    
   3.68738961    
   3.82395959    
   3.96052957    
   4.09709930    
   4.23366928    
   4.37023926    
   4.50680923    
   4.64337969    
   4.77994967    
   4.91651964    
   5.05308962    
   5.18965960    
   5.32622957    
   5.46279955    
   5.59936953    
   5.73593903    
   5.87250948    
   6.00907898    
   6.14564943    
   6.28221893    
   6.41878939    
   6.55535889    
   6.69192934    
   6.82849884    
   6.96506929    
   7.10163879    
   7.23820925    
   7.37477922    
   7.51134920    
   7.64791918    
   7.78448915    
   7.92105913    
   8.05762959    
   8.19419861    
   8.33076954    
   8.46733856    
   8.60390949    
   8.74047852    
   8.87704849    
   9.01361847    
   9.15018845    
   9.28675938    
   9.42332840    
   9.55989933    
   9.69646835    
   9.83303928    
   9.96960831    
   10.1061792    
   10.2427483    
   10.3793192    
   10.5158882    
   10.6524591    
   10.7890282    
   10.9255991    
   11.0621681    
   11.1987391    
   11.3353081    
   11.4718781    
   11.6084490    
   11.7450190    
   11.8815889    
   12.0181580    
   12.1547289    
   12.2912989    
   12.4278688    
   12.5644379    
   12.7010088    
   12.8375788    
   12.9741488    
   13.1107178    
   13.2472878    
   13.3838587    
   13.5204287    
   13.6569977    
   13.7935677    
   13.9301386    
   14.0667086    
   14.2032776    
   14.3398476    
   14.4764185    
   14.6129885    
   14.7495584    
   14.8861275    
   15.0226984    
   15.1592684    
   15.2958384    
   15.4324074    
   15.5689783    
   15.7055483    
   15.8421183    
   15.9786873    
   16.1152592    
   16.2518291    
   16.3883972    
   16.5249672    
   16.6615391    
   16.7981091    
   16.9346771    
   17.0712471    
   17.2078190    
   17.3443890    
   17.4809570    
   17.6175270    
   17.7540970    
   17.8906689    
   18.0272369    
   18.1638069    
   18.3003769    
   18.4369488    
   18.5735188    
   18.7100868    
   18.8466568    
   18.9832287    
   19.1197987    
   19.2563667    
   19.3929367    
   19.5295086    
   19.6660786    
   19.8026466    
   19.9392166    
   20.0757885    
   20.2123585    
   20.3489265    
   20.4854965    
   20.6220684    
   20.7586384    
   20.8952084    
   21.0317764    
   21.1683483    
   21.3049183    
   21.4414883    
   21.5780563    
   21.7146282    
   21.8511982    
   21.9877682    
   22.1243362    
   22.2609081    
   22.3974781    
   22.5340481    
   22.6706161    
   22.8071861    
   22.9437561    
   23.0803261    
   23.2168980    
   23.3534679    
   23.4900379    
   23.6266079    
   23.7631779    
   23.8997459    
   24.0363159    
   24.1728859    
   24.3094578    
   24.4460278    
   24.5825977    
   24.7191677    
   24.8557377    
   24.9923058    
   25.1288757    
   25.2654457    
   25.4020176    
   25.5385876    
   25.6751575    
   25.8117275    
   25.9482975    
   26.0848675    
   26.2214355    
   26.3580055    
   26.4945755    
   26.6311474    
   26.7677174    
   26.9042873    
   27.0408573    
   27.1774273    
   27.3139954    
   27.4505653    
   27.5871353    
   27.7237072    
   27.8602772    
   27.9968472    
   28.1334171    
   28.2699871    
   28.4065552    
   28.5431252    
   28.6796951    
   28.8162670    
   28.9528370    
   29.0894070    
   29.2259769    
   29.3625469    
   29.4991169    
   29.6356850    
   29.7722549    
   29.9088268    
   30.0453968    
   30.1819668    
   30.3185368    
   30.4551067    
   30.5916767    
   30.7282448    
   30.8648148    
   31.0013847    
   31.1379566    
   31.2745266    
   31.4110966    
   31.5476665    
   31.6842365    
   31.8208065    
   31.9573746    
   32.0939445    
   32.2305183    
   32.3670883    
   32.5036583    
   32.6402245    
   32.7767944    
   32.9133644    
   33.0499344    
   33.1865044    
   33.3230782    
   33.4596481    
   33.5962181    
   33.7327881    
   33.8693542    
   34.0059242    
   34.1424942    
   34.2790642    
   34.4156380    
   34.5522079    
   34.6887779    
   34.8253479    
   34.9619141    
   35.0984840    
   35.2350540    
   35.3716240    
   35.5081940    
   35.6447678    
   35.7813377    
   35.9179077    
   36.0544739    
   36.1910439    
   36.3276138    
   36.4641838    
   36.6007538    
   36.7373276    
   36.8738976    
   37.0104675    
   37.1470375    
   37.2836037    
   37.4201736    
   37.5567436    
   37.6933136    
   37.8298874    
   37.9664574    
   38.1030273    
   38.2395973    
   38.3761635    
   38.5127335    
   38.6493034    
   38.7858734    
   38.9224472    
   39.0590172    
   39.1955872    
   39.3321571    
   39.4687271    
   39.6052933    
   39.7418633    
   39.8784332    
   40.0150032    
   40.1515770    
   40.2881470    
   40.4247169    
   40.5612869    
   40.6978531    
   40.8344231    
   40.9709930    
   41.1075630    
   41.2441368    
   41.3807068    
   41.5172768    
   41.6538467    
   41.7904167    
   41.9269829    
   42.0635529    
   42.2001228    
   42.3366966    
   42.4732666    
   42.6098366    
   42.7464066    
   42.8829765    
   43.0195427    
   43.1561127    
   43.2926826    
   43.4292564    
   43.5658264    
   43.7023964    
   43.8389664    
   43.9755363    
   44.1121063    
   44.2486725    
   44.3852425    
   44.5218163    
   44.6583824    
   44.7949562    
   44.9315224    
   45.0680962    
   45.2046661    
   45.3412323    
   45.4778061    
   45.6143723    
   45.7509460    
   45.8875122    
   46.0240860    
   46.1606522    
   46.2972260    
   46.4337959    
   46.5703621    
   46.7069359    
   46.8435020    
   46.9800758    
   47.1166420    
   47.2532158    
   47.3897858    
   47.5263557    
   47.6629257    
   47.7994919    
   47.9360657    
   48.0726318    
   48.2092056    
   48.3457718    
   48.4823456    
   48.6189156    
   48.7554817    
   48.8920555    
   49.0286217    
   49.1651955    
   49.3017616    
   49.4383354    
   49.5749016    
   49.7114754    
   49.8480453    
   49.9846115    
   50.1211853    
   50.2577515    
   50.3943253    
   50.5308914    
   50.6674652    
   50.8040352    
   50.9406052    
   51.0771751    
   51.2137413    
   51.3503151    
   51.4868813    
   51.6234550    
   51.7600212    
   51.8965950    
   52.0331650    
   52.1697350    
   52.3063049    
   52.4428711    
   52.5794449    
   52.7160110    
   52.8525848    
   52.9891510    
   53.1257248    
   53.2622948    
   53.3988609    
   53.5354347    
   53.6720009    
   53.8085747    
   53.9451408    
   54.0817146    
   54.2182846    
   54.3548546    
   54.4914246    
   54.6279907    
   54.7645645    
   54.9011307    
   55.0377045    
   55.1742706    
   55.3108444    
   55.4474144    
   55.5839844    
   55.7205544    
   55.8571205    
   55.9936943    
   56.1302605    
   56.2668343    
   56.4034042    
   56.5399742    
   56.6765442    
   56.8131104    
   56.9496841    
   57.0862503    
   57.2228241    
   57.3593903    
   57.4959641    
   57.6325340    
   57.7691040    
   57.9056740    
   58.0422401    
   58.1788139    
   58.3153801    
   58.4519539    
   58.5885201    
   58.7250938    
   58.8616638    
   58.9982338    
   59.1348038    
   59.2713699    
   59.4079437    
   59.5445099    
   59.6810837    
   59.8176537    
   59.9542236    
   60.0907936    
   60.2273636    
   60.3639336    
   60.5004997    
   60.6370735    
   60.7736397    
   60.9102135    
   61.0467834    
   61.1833534    
   61.3199234    
   61.4564896    
   61.5930634    
   61.7296295    
   61.8662033    
   62.0027695    
   62.1393433    
   62.2759132    
   62.4124832    
   62.5490532    
   62.6856194    
   62.8221931    
   62.9587593    
   63.0953331    
   63.2319031    
   63.3684731    
   63.5050430    
   63.6416130    
   63.7781830    
   63.9147491    
   64.0513229    
   64.1878891    
   64.3244629    
   64.4610367    
   64.5976028    
   64.7341766    
   64.8707428    
   65.0073166    
   65.1438828    
   65.2804489    
   65.4170227    
   65.5535889    
   65.6901627    
   65.8267288    
   65.9633026    
   66.0998688    
   66.2364426    
   66.3730087    
   66.5095825    
   66.6461563    
   66.7827225    
   66.9192963    
   67.0558624    
   67.1924362    
   67.3290024    
   67.4655762    
   67.6021423    
   67.7387085    
   67.8752823    
   68.0118484    
   68.1484222    
   68.2849884    
   68.4215622    
   68.5581284    
   68.6947021    
   68.8312759    
   68.9678421    
   69.1044159    
   69.2409821    
   69.3775558    
   69.5141220    
   69.6506958    
   69.7872620    
   69.9238281    
   70.0604019    
   70.1969681    
   70.3335419    
   70.4701080    
   70.6066818    
   70.7432480    
   70.8798218    
   71.0163879    
