   0.00000000    
   6.97115362E-02
  0.139423072    
  0.209134594    
  0.278846145    
  0.348557681    
  0.418269187    
  0.487980753    
  0.557692289    
  0.627403855    
  0.697115362    
  0.766826928    
  0.836538374    
  0.906249940    
  0.975961506    
   1.04567301    
   1.11538458    
   1.18509614    
   1.25480771    
   1.32451916    
   1.39423072    
   1.46394229    
   1.53365386    
   1.60336542    
   1.67307675    
   1.74278831    
   1.81249988    
   1.88221145    
   1.95192301    
   2.02163458    
   2.09134603    
   2.16105771    
   2.23076916    
   2.30048060    
   2.37019229    
   2.43990374    
   2.50961542    
   2.57932687    
   2.64903831    
   2.71875000    
   2.78846145    
   2.85817313    
   2.92788458    
   2.99759626    
   3.06730771    
   3.13701916    
   3.20673084    
   3.27644229    
   3.34615350    
   3.41586518    
   3.48557663    
   3.55528808    
   3.62499976    
   3.69471121    
   3.76442289    
   3.83413434    
   3.90384603    
   3.97355747    
   4.04326916    
   4.11298037    
   4.18269205    
   4.25240374    
   4.32211542    
   4.39182663    
   4.46153831    
   4.53125000    
   4.60096121    
   4.67067289    
   4.74038458    
   4.81009579    
   4.87980747    
   4.94951916    
   5.01923084    
   5.08894205    
   5.15865374    
   5.22836542    
   5.29807663    
   5.36778831    
   5.43750000    
   5.50721169    
   5.57692289    
   5.64663458    
   5.71634626    
   5.78605747    
   5.85576916    
   5.92548084    
   5.99519253    
   6.06490374    
   6.13461542    
   6.20432711    
   6.27403831    
   6.34375000    
   6.41346169    
   6.48317289    
   6.55288458    
   6.62259626    
   6.69230700    
   6.76201868    
   6.83173037    
   6.90144157    
   6.97115326    
   7.04086494    
   7.11057615    
   7.18028784    
   7.24999952    
   7.31971121    
   7.38942242    
   7.45913410    
   7.52884579    
   7.59855700    
   7.66826868    
   7.73798037    
   7.80769205    
   7.87740326    
   7.94711494    
   8.01682663    
   8.08653831    
   8.15625000    
   8.22596073    
   8.29567242    
   8.36538410    
   8.43509579    
   8.50480747    
   8.57451916    
   8.64423084    
   8.71394157    
   8.78365326    
   8.85336494    
   8.92307663    
   8.99278831    
   9.06250000    
   9.13221073    
   9.20192242    
   9.27163410    
   9.34134579    
   9.41105747    
   9.48076916    
   9.55048084    
   9.62019157    
   9.68990326    
   9.75961494    
   9.82932663    
   9.89903831    
   9.96875000    
   10.0384617    
   10.1081724    
   10.1778841    
   10.2475958    
   10.3173075    
   10.3870192    
   10.4567308    
   10.5264425    
   10.5961533    
   10.6658649    
   10.7355766    
   10.8052883    
   10.8750000    
   10.9447117    
   11.0144234    
   11.0841341    
   11.1538458    
   11.2235565    
   11.2932692    
   11.3629799    
   11.4326925    
   11.5024033    
   11.5721149    
   11.6418266    
   11.7115383    
   11.7812490    
   11.8509617    
   11.9206724    
   11.9903851    
   12.0600958    
   12.1298075    
   12.1995182    
   12.2692308    
   12.3389416    
   12.4086542    
   12.4783649    
   12.5480766    
   12.6177883    
   12.6875000    
   12.7572107    
   12.8269234    
   12.8966341    
   12.9663458    
   13.0360575    
   13.1057692    
   13.1754799    
   13.2451925    
   13.3149033    
   13.3846140    
   13.4543266    
   13.5240374    
   13.5937490    
   13.6634607    
   13.7331724    
   13.8028831    
   13.8725958    
   13.9423065    
   14.0120192    
   14.0817299    
   14.1514416    
   14.2211523    
   14.2908649    
   14.3605757    
   14.4302883    
   14.4999990    
   14.5697107    
   14.6394224    
   14.7091341    
   14.7788448    
   14.8485575    
   14.9182682    
   14.9879808    
   15.0576916    
   15.1274033    
   15.1971140    
   15.2668266    
   15.3365374    
   15.4062500    
   15.4759607    
   15.5456724    
   15.6153841    
   15.6850958    
   15.7548065    
   15.8245192    
   15.8942299    
   15.9639425    
   16.0336533    
   16.1033649    
   16.1730766    
   16.2427883    
   16.3125000    
   16.3822117    
   16.4519215    
   16.5216351    
   16.5913448    
   16.6610584    
   16.7307682    
   16.8004799    
   16.8701916    
   16.9399033    
   17.0096149    
   17.0793266    
   17.1490383    
   17.2187500    
   17.2884617    
   17.3581734    
   17.4278831    
   17.4975967    
   17.5673065    
   17.6370201    
   17.7067299    
   17.7764416    
   17.8461533    
   17.9158649    
   17.9855766    
   18.0552864    
   18.1250000    
   18.1947098    
   18.2644215    
   18.3341331    
   18.4038448    
   18.4735565    
   18.5432682    
   18.6129799    
   18.6826916    
   18.7524033    
   18.8221149    
   18.8918247    
   18.9615383    
   19.0312481    
   19.1009617    
   19.1706715    
   19.2403831    
   19.3100948    
   19.3798065    
   19.4495182    
   19.5192299    
   19.5889416    
   19.6586533    
   19.7283649    
   19.7980766    
   19.8677864    
   19.9375000    
   20.0072098    
   20.0769234    
   20.1466331    
   20.2163448    
   20.2860565    
   20.3557682    
   20.4254799    
   20.4951916    
   20.5649033    
   20.6346149    
   20.7043266    
   20.7740383    
   20.8437481    
   20.9134617    
   20.9831715    
   21.0528851    
   21.1225948    
   21.1923065    
   21.2620182    
   21.3317299    
   21.4014416    
   21.4711533    
   21.5408649    
   21.6105766    
   21.6802883    
   21.7500000    
   21.8197098    
   21.8894234    
   21.9591331    
   22.0288467    
   22.0985565    
   22.1682682    
   22.2379799    
   22.3076916    
   22.3774014    
   22.4471130    
   22.5168266    
   22.5865383    
   22.6562481    
   22.7259598    
   22.7956715    
   22.8653851    
   22.9350948    
   23.0048065    
   23.0745182    
   23.1442299    
   23.2139397    
   23.2836533    
   23.3533649    
   23.4230766    
   23.4927864    
   23.5624981    
   23.6322117    
   23.7019234    
   23.7716331    
   23.8413448    
   23.9110565    
   23.9807701    
   24.0504780    
   24.1201916    
   24.1899033    
   24.2596149    
   24.3293247    
   24.3990364    
   24.4687500    
   24.5384617    
   24.6081715    
   24.6778831    
   24.7475948    
   24.8173084    
   24.8870182    
   24.9567299    
   25.0264416    
   25.0961533    
   25.1658630    
   25.2355766    
   25.3052883    
   25.3750000    
   25.4447098    
   25.5144215    
   25.5841331    
   25.6538467    
   25.7235565    
   25.7932682    
   25.8629799    
   25.9326916    
   26.0024014    
   26.0721149    
   26.1418266    
   26.2115383    
   26.2812481    
   26.3509598    
   26.4206734    
   26.4903851    
   26.5600948    
   26.6298065    
   26.6995182    
   26.7692280    
   26.8389397    
   26.9086533    
   26.9783649    
   27.0480747    
   27.1177864    
   27.1874981    
   27.2572117    
   27.3269215    
   27.3966331    
   27.4663448    
   27.5360565    
   27.6057663    
   27.6754799    
   27.7451916    
   27.8149033    
   27.8846130    
   27.9543247    
   28.0240383    
   28.0937500    
   28.1634598    
   28.2331715    
   28.3028831    
   28.3725967    
   28.4423046    
   28.5120182    
   28.5817299    
   28.6514416    
   28.7211514    
   28.7908630    
   28.8605766    
   28.9302883    
   28.9999981    
   29.0697098    
   29.1394215    
   29.2091351    
   29.2788448    
   29.3485565    
   29.4182682    
   29.4879799    
   29.5576897    
   29.6274033    
   29.6971149    
   29.7668266    
   29.8365364    
   29.9062481    
   29.9759617    
   30.0456734    
   30.1153831    
   30.1850948    
   30.2548065    
   30.3245201    
   30.3942280    
   30.4639416    
   30.5336533    
   30.6033649    
   30.6730747    
   30.7427864    
   30.8125000    
   30.8822117    
   30.9519215    
   31.0216331    
   31.0913448    
   31.1610584    
   31.2307682    
   31.3004799    
   31.3701916    
   31.4399014    
   31.5096130    
   31.5793266    
   31.6490383    
   31.7187481    
   31.7884598    
   31.8581715    
   31.9278851    
   31.9975929    
   32.0673065    
   32.1370163    
   32.2067299    
   32.2764397    
   32.3461533    
   32.4158630    
   32.4855766    
   32.5552864    
   32.6250000    
   32.6947098    
   32.7644234    
   32.8341331    
   32.9038429    
   32.9735565    
   33.0432701    
   33.1129799    
   33.1826897    
   33.2524033    
   33.3221169    
   33.3918228    
   33.4615364    
   33.5312500    
   33.6009598    
   33.6706696    
   33.7403831    
   33.8100967    
   33.8798065    
   33.9495163    
   34.0192299    
   34.0889397    
   34.1586533    
   34.2283630    
   34.2980766    
   34.3677864    
   34.4375000    
   34.5072098    
   34.5769234    
   34.6466331    
   34.7163467    
   34.7860565    
   34.8557663    
   34.9254799    
   34.9951935    
   35.0649033    
   35.1346130    
   35.2043266    
   35.2740402    
   35.3437462    
   35.4134598    
   35.4831734    
   35.5528831    
   35.6225929    
   35.6923065    
   35.7620201    
   35.8317299    
   35.9014397    
   35.9711533    
   36.0408630    
   36.1105728    
   36.1802864    
   36.2500000    
   36.3197098    
   36.3894196    
   36.4591331    
   36.5288429    
   36.5985565    
   36.6682663    
   36.7379799    
   36.8076897    
   36.8774033    
   36.9471130    
   37.0168266    
   37.0865364    
   37.1562500    
   37.2259598    
   37.2956696    
   37.3653831    
   37.4350967    
   37.5048065    
   37.5745163    
   37.6442299    
   37.7139435    
   37.7836494    
   37.8533630    
   37.9230766    
   37.9927864    
   38.0624962    
   38.1322098    
   38.2019234    
   38.2716331    
   38.3413429    
   38.4110565    
   38.4807663    
   38.5504799    
   38.6201897    
   38.6899033    
   38.7596130    
   38.8293266    
   38.8990364    
   38.9687500    
   39.0384598    
   39.1081734    
   39.1778831    
   39.2475929    
   39.3173065    
   39.3870201    
   39.4567299    
   39.5264397    
   39.5961533    
   39.6658669    
   39.7355728    
   39.8052864    
   39.8750000    
   39.9447098    
   40.0144196    
   40.0841331    
   40.1538467    
   40.2235565    
   40.2932663    
   40.3629799    
   40.4326897    
   40.5023994    
   40.5721130    
   40.6418266    
   40.7115364    
   40.7812462    
   40.8509598    
   40.9206734    
   40.9903831    
   41.0600929    
   41.1298065    
   41.1995163    
   41.2692299    
   41.3389397    
   41.4086533    
   41.4783630    
   41.5480766    
   41.6177864    
   41.6874962    
   41.7572098    
   41.8269234    
   41.8966331    
   41.9663429    
   42.0360565    
   42.1057701    
   42.1754799    
   42.2451897    
   42.3149033    
   42.3846130    
   42.4543228    
   42.5240364    
   42.5937500    
   42.6634598    
   42.7331696    
   42.8028831    
   42.8725967    
   42.9423065    
   43.0120163    
   43.0817299    
   43.1514397    
   43.2211533    
   43.2908630    
   43.3605766    
   43.4302864    
   43.5000000    
   43.5697098    
   43.6394196    
   43.7091331    
   43.7788467    
   43.8485565    
   43.9182663    
   43.9879799    
   44.0576935    
   44.1274033    
   44.1971130    
   44.2668266    
   44.3365364    
   44.4062462    
   44.4759598    
   44.5456734    
   44.6153831    
   44.6850967    
   44.7548027    
   44.8245163    
   44.8942261    
   44.9639397    
   45.0336533    
   45.1033630    
   45.1730766    
   45.2427902    
   45.3124962    
   45.3822060    
   45.4519196    
   45.5216331    
   45.5913429    
   45.6610565    
   45.7307701    
   45.8004799    
   45.8701897    
   45.9398994    
   46.0096130    
   46.0793228    
   46.1490364    
   46.2187500    
   46.2884598    
   46.3581734    
   46.4278793    
   46.4975929    
   46.5673065    
   46.6370163    
   46.7067299    
   46.7764397    
   46.8461533    
   46.9158669    
   46.9855728    
   47.0552864    
   47.1249962    
   47.1947098    
   47.2644234    
   47.3341331    
   47.4038467    
   47.4735565    
   47.5432663    
   47.6129761    
   47.6826897    
   47.7524033    
   47.8221130    
   47.8918266    
   47.9615402    
   48.0312500    
   48.1009560    
   48.1706696    
   48.2403831    
   48.3100929    
   48.3798065    
   48.4495201    
   48.5192299    
   48.5889435    
   48.6586494    
   48.7283630    
   48.7980728    
   48.8677864    
   48.9375000    
   49.0072098    
   49.0769234    
   49.1466293    
   49.2163429    
   49.2860527    
   49.3557663    
   49.4254799    
   49.4951897    
   49.5649033    
   49.6346169    
   49.7043228    
   49.7740364    
   49.8437462    
   49.9134598    
   49.9831696    
   50.0528831    
   50.1225967    
   50.1923065    
   50.2620163    
   50.3317261    
   50.4014397    
   50.4711533    
   50.5408630    
   50.6105766    
   50.6802864    
   50.7500000    
   50.8197060    
   50.8894196    
   50.9591331    
   51.0288429    
   51.0985565    
   51.1682663    
   51.2379799    
   51.3076935    
   51.3773994    
   51.4471130    
   51.5168228    
   51.5865364    
   51.6562500    
   51.7259598    
   51.7956734    
   51.8653831    
   51.9350929    
   52.0048027    
   52.0745163    
   52.1442299    
   52.2139397    
   52.2836533    
   52.3533669    
   52.4230766    
   52.4927826    
   52.5624962    
   52.6322098    
   52.7019196    
   52.7716331    
   52.8413467    
   52.9110565    
   52.9807701    
   53.0504761    
   53.1201897    
   53.1898994    
   53.2596130    
   53.3293266    
   53.3990364    
   53.4687500    
   53.5384560    
   53.6081696    
   53.6778793    
   53.7475929    
   53.8173065    
   53.8870163    
   53.9567299    
   54.0264435    
   54.0961494    
   54.1658630    
   54.2355728    
   54.3052864    
   54.3749962    
   54.4447098    
   54.5144234    
   54.5841331    
   54.6538429    
   54.7235527    
   54.7932663    
   54.8629799    
   54.9326897    
   55.0024033    
   55.0721130    
   55.1418266    
   55.2115326    
   55.2812462    
   55.3509598    
   55.4206696    
   55.4903831    
   55.5600967    
   55.6298065    
   55.6995201    
   55.7692261    
   55.8389397    
   55.9086494    
   55.9783630    
   56.0480766    
   56.1177864    
   56.1875000    
   56.2572136    
   56.3269196    
   56.3966293    
   56.4663429    
   56.5360565    
   56.6057663    
   56.6754799    
   56.7451935    
   56.8149033    
   56.8846092    
   56.9543228    
   57.0240364    
   57.0937462    
   57.1634598    
   57.2331734    
   57.3028831    
   57.3725967    
   57.4423027    
   57.5120163    
   57.5817261    
   57.6514397    
   57.7211533    
   57.7908630    
   57.8605766    
   57.9302902    
