   0.00000000    
  0.142021880    
  0.284043759    
  0.426065624    
  0.568087518    
  0.710109353    
  0.852131248    
  0.994153142    
   1.13617504    
   1.27819693    
   1.42021871    
   1.56224060    
   1.70426250    
   1.84628439    
   1.98830628    
   2.13032818    
   2.27235007    
   2.41437197    
   2.55639386    
   2.69841576    
   2.84043741    
   2.98245955    
   3.12448120    
   3.26650333    
   3.40852499    
   3.55054712    
   3.69256878    
   3.83459091    
   3.97661257    
   4.11863470    
   4.26065636    
   4.40267849    
   4.54470015    
   4.68672180    
   4.82874393    
   4.97076559    
   5.11278772    
   5.25480938    
   5.39683151    
   5.53885317    
   5.68087482    
   5.82289696    
   5.96491909    
   6.10694122    
   6.24896240    
   6.39098454    
   6.53300667    
   6.67502880    
   6.81704998    
   6.95907211    
   7.10109425    
   7.24311590    
   7.38513756    
   7.52715969    
   7.66918182    
   7.81120348    
   7.95322514    
   8.09524727    
   8.23726940    
   8.37929058    
   8.52131271    
   8.66333485    
   8.80535698    
   8.94737816    
   9.08940029    
   9.23142242    
   9.37344360    
   9.51546574    
   9.65748787    
   9.79951000    
   9.94153118    
   10.0835533    
   10.2255754    
   10.3675976    
   10.5096188    
   10.6516409    
   10.7936630    
   10.9356852    
   11.0777063    
   11.2197294    
   11.3617496    
   11.5037718    
   11.6457939    
   11.7878160    
   11.9298382    
   12.0718603    
   12.2138824    
   12.3559036    
   12.4979248    
   12.6399469    
   12.7819691    
   12.9239912    
   13.0660133    
   13.2080355    
   13.3500576    
   13.4920788    
   13.6341000    
   13.7761221    
   13.9181442    
   14.0601664    
   14.2021885    
   14.3442106    
   14.4862318    
   14.6282539    
   14.7702751    
   14.9122972    
   15.0543194    
   15.1963415    
   15.3383636    
   15.4803858    
   15.6224070    
   15.7644291    
   15.9064503    
   16.0484734    
   16.1904945    
   16.3325176    
   16.4745388    
   16.6165600    
   16.7585812    
   16.9006042    
   17.0426254    
   17.1846485    
   17.3266697    
   17.4686928    
   17.6107140    
   17.7527351    
   17.8947563    
   18.0367794    
   18.1788006    
   18.3208237    
   18.4628448    
   18.6048679    
   18.7468872    
   18.8889103    
   19.0309315    
   19.1729546    
   19.3149757    
   19.4569988    
   19.5990200    
   19.7410431    
   19.8830624    
   20.0250854    
   20.1671066    
   20.3091297    
   20.4511509    
   20.5931740    
   20.7351952    
   20.8772163    
   21.0192375    
   21.1612606    
   21.3032818    
   21.4453049    
   21.5873260    
   21.7293491    
   21.8713703    
   22.0133915    
   22.1554127    
   22.2974358    
   22.4394588    
   22.5814781    
   22.7234993    
   22.8655224    
   23.0075436    
   23.1495667    
   23.2915878    
   23.4336109    
   23.5756321    
   23.7176552    
   23.8596764    
   24.0016994    
   24.1437206    
   24.2857437    
   24.4277649    
   24.5697861    
   24.7118073    
   24.8538284    
   24.9958496    
   25.1378727    
   25.2798939    
   25.4219170    
   25.5639381    
   25.7059612    
   25.8479824    
   25.9900055    
   26.1320267    
   26.2740498    
   26.4160709    
   26.5580940    
   26.7001152    
   26.8421345    
   26.9841576    
   27.1261787    
   27.2681999    
   27.4102230    
   27.5522442    
   27.6942673    
   27.8362885    
   27.9783115    
   28.1203327    
   28.2623558    
   28.4043770    
   28.5464001    
   28.6884212    
   28.8304443    
   28.9724636    
   29.1144848    
   29.2565079    
   29.3985291    
   29.5405502    
   29.6825733    
   29.8245945    
   29.9666176    
   30.1086388    
   30.2506618    
   30.3926830    
   30.5347061    
   30.6767273    
   30.8187504    
   30.9607716    
   31.1027908    
   31.2448139    
   31.3868351    
   31.5288582    
   31.6708794    
   31.8129005    
   31.9549236    
   32.0969467    
   32.2389679    
   32.3809891    
   32.5230103    
   32.6650352    
   32.8070564    
   32.9490776    
   33.0910988    
   33.2331200    
   33.3751411    
   33.5171623    
   33.6591873    
   33.8012085    
   33.9432297    
   34.0852509    
   34.2272720    
   34.3692970    
   34.5113182    
   34.6533394    
   34.7953606    
   34.9373856    
   35.0794067    
   35.2214279    
   35.3634491    
   35.5054703    
   35.6474915    
   35.7895126    
   35.9315376    
   36.0735588    
   36.2155800    
   36.3576012    
   36.4996223    
   36.6416473    
   36.7836685    
   36.9256897    
   37.0677109    
   37.2097359    
   37.3517570    
   37.4937744    
   37.6357994    
   37.7778206    
   37.9198418    
   38.0618629    
   38.2038879    
   38.3459091    
   38.4879303    
   38.6299515    
   38.7719727    
   38.9139977    
   39.0560188    
   39.1980400    
   39.3400612    
   39.4820862    
   39.6241035    
   39.7661247    
   39.9081497    
   40.0501709    
   40.1921921    
   40.3342133    
   40.4762383    
   40.6182594    
   40.7602806    
   40.9023018    
   41.0443230    
   41.1863480    
   41.3283691    
   41.4703903    
   41.6124115    
   41.7544327    
   41.8964539    
   42.0384750    
   42.1805000    
   42.3225212    
   42.4645424    
   42.6065636    
   42.7485847    
   42.8906097    
   43.0326309    
   43.1746521    
   43.3166733    
   43.4586983    
   43.6007195    
   43.7427406    
   43.8847618    
   44.0267830    
   44.1688042    
   44.3108253    
   44.4528503    
   44.5948715    
   44.7368965    
   44.8789177    
   45.0209351    
   45.1629562    
   45.3049774    
   45.4469986    
   45.5890236    
   45.7310448    
   45.8730659    
   46.0150871    
   46.1571121    
   46.2991333    
   46.4411545    
   46.5831757    
   46.7252007    
   46.8672218    
   47.0092430    
   47.1512642    
   47.2932854    
   47.4353104    
   47.5773315    
   47.7193527    
   47.8613739    
   48.0033989    
   48.1454201    
   48.2874413    
   48.4294624    
   48.5714874    
   48.7135086    
   48.8555298    
   48.9975510    
   49.1395721    
   49.2815895    
   49.4236145    
   49.5656357    
   49.7076569    
   49.8496780    
   49.9916992    
   50.1337242    
   50.2757454    
   50.4177666    
   50.5597878    
   50.7018127    
   50.8438339    
   50.9858551    
   51.1278763    
   51.2699013    
   51.4119225    
   51.5539436    
   51.6959648    
   51.8379860    
   51.9800110    
   52.1220322    
   52.2640533    
   52.4060745    
   52.5480995    
   52.6901207    
   52.8321419    
   52.9741631    
   53.1161880    
   53.2582092    
   53.4002304    
   53.5422478    
   53.6842690    
   53.8262901    
   53.9683151    
   54.1103363    
   54.2523575    
   54.3943787    
   54.5363998    
   54.6784248    
   54.8204460    
   54.9624672    
   55.1044884    
   55.2465134    
   55.3885345    
   55.5305557    
   55.6725769    
   55.8146019    
   55.9566231    
   56.0986443    
   56.2406654    
   56.3826866    
   56.5247116    
   56.6667328    
   56.8087540    
   56.9507751    
   57.0928001    
   57.2348213    
   57.3768425    
   57.5188637    
   57.6608887    
   57.8029022    
   57.9449272    
   58.0869484    
   58.2289696    
   58.3709908    
   58.5130157    
   58.6550369    
   58.7970581    
   58.9390793    
   59.0811005    
   59.2231255    
   59.3651466    
   59.5071678    
   59.6491890    
   59.7912140    
   59.9332352    
   60.0752563    
   60.2172775    
   60.3593025    
   60.5013237    
   60.6433449    
   60.7853661    
   60.9273872    
   61.0694122    
   61.2114334    
   61.3534546    
   61.4954758    
   61.6375008    
   61.7795219    
   61.9215431    
   62.0635605    
   62.2055817    
   62.3476028    
   62.4896278    
   62.6316490    
   62.7736702    
   62.9156914    
   63.0577164    
   63.1997375    
   63.3417587    
   63.4837799    
   63.6258011    
   63.7678261    
   63.9098473    
   64.0518723    
   64.1938934    
   64.3359146    
   64.4779358    
   64.6199570    
   64.7619781    
   64.9039993    
   65.0460205    
   65.1880417    
   65.3300705    
   65.4720917    
   65.6141129    
   65.7561340    
   65.8981552    
   66.0401764    
   66.1821976    
   66.3242188    
   66.4662399    
   66.6082611    
   66.7502823    
   66.8923035    
   67.0343246    
   67.1763458    
   67.3183746    
   67.4603958    
   67.6024170    
   67.7444382    
   67.8864594    
   68.0284805    
   68.1705017    
   68.3125229    
   68.4545441    
   68.5965729    
   68.7385941    
   68.8806152    
   69.0226364    
   69.1646576    
   69.3066788    
   69.4487000    
   69.5907211    
   69.7327423    
   69.8747711    
   70.0167923    
   70.1588135    
   70.3008347    
   70.4428558    
   70.5848694    
   70.7268982    
   70.8689194    
   71.0109406    
